r
0.5 0 0 1
e
r
0.33 0 0 1
r
0.66 0 0 1
e
r
0.33 0 0 1
r
0.66 0 0 1
r
0.5 0 1 1
e
r
0.33 0 0 1
r
0.66 0 0 1
r
0.5 0 -1 1
e
r
0.4 0 0 1
r
0.7 0 -1 1
r
0.2 0 0 1
e
r
0 0 1 1
r
1 0 -1 1
r
0.5 0 -1 1
r
0.3 0 0 1
r
0.75 0 -1 1
r
0.75 0 -1 1
e
r
0.75 0 0 1
r
0.8 0 0 1
p
0 0.24 1 0 1 0 1 6 600
e
p
0 0.22 1 0 1 0 1 7 600
r
0.72 0 0 1
r
0.83 0 0 1
e
p
0 0.2 1 0 1 0 1 6 600
r
0.72 0 0 1
r
0.71 0 0 1
e
p
0 0.18 1 0 1 0 1 7 300
r
0.2 0 0 1
r
0.3 0 0 1
e
p
0 0.16 1 0 1 0 1 7 300
r
0.42 0 0 1
r
0.56 0 0 1
e
p
0 0.18 1 1 1 0 1 9 600
e
p
0 0.2 1 0 1 0 1 7 300
e
e
e
e
e
p
0 0.2 1 0 1 0 1 10 400
r
0.75 0 -1 -1
r
0.6 0 -1 -1
r
0.8 0 -1 -1
r
0.85 0 -1 -1
r
0.9 0 -1 -1
e
e
e
e
e
p
0 0.1 1 0 1 0 1 6 300
r
0.5 0 -1 -1
r
0.1 0 -1 -1
r
0.15 0 -1 -1
r
0.2 0 -1 -1
r
0.25 0 -1 -1
e
e
e
e
e
p
0 0.15 1 0 1 0 1 7 700
r
0.35 0 -1 -1
r
0.4 0 -1 -1
r
0.45 0 -1 -1
r
0.5 0 -1 -1
r
0.55 0 -1 -1
e
e
e
e
e
r
0.75 0 -1 -1
r
0.6 0 -1 -1
r
0.8 0 -1 -1
r
0.85 0 -1 -1
r
0.9 0 -1 -1
e
e
e
e
e
p
0 0.36 1 0 1 0 1 8 700
r
0.5 0 -1 -1
r
0.1 0 -1 -1
r
0.15 0 -1 -1
r
0.2 0 -1 -1
r
0.25 0 -1 -1
e
e
e
e
e
r
0.35 0 -1 -1
r
0.4 0 -1 -1
r
0.45 0 -1 -1
r
0.5 0 -1 -1
r
0.55 0 -1 -1
e
e
e
e
e
p
0 0.26 1 0 1 0 1 10 600
r
0.75 0 -1 -1
r
0.6 0 -1 -1
r
0.8 0 -1 -1
r
0.85 0 -1 -1
r
0.9 0 -1 -1
e
e
e
e
e
r
0.5 0 -1 -1
r
0.1 0 -1 -1
r
0.15 0 -1 -1
r
0.2 0 -1 -1
r
0.25 0 -1 -1
e
e
e
e
e
p
0 0.4 1 0 1 0 1 6 500
r
0.35 0 -1 -1
r
0.4 0 -1 -1
r
0.45 0 -1 -1
r
0.5 0 -1 -1
r
0.55 0 -1 -1
e
e
e
e
e
r
0.75 0 -1 -1
r
0.6 0 -1 -1
r
0.8 0 -1 -1
r
0.85 0 -1 -1
r
0.9 0 -1 -1
e
e
e
e
e
p
0 0.36 1 0 1 0 1 5 700
r
0.5 0 -1 -1
r
0.1 0 -1 -1
r
0.15 0 -1 -1
r
0.2 0 -1 -1
r
0.25 0 -1 -1
e
e
e
e
e
r
0.35 0 -1 -1
r
0.4 0 -1 -1
r
0.45 0 -1 -1
r
0.5 0 -1 -1
r
0.55 0 -1 -1
e
e
e
e
e
p
0 0.2 1 0 1 0 1 13 500
r
0.75 0 -1 -1
r
0.6 0 -1 -1
r
0.8 0 -1 -1
r
0.85 0 -1 -1
r
0.9 0 -1 -1
e
e
e
e
e
r
0.5 0 -1 -1
r
0.1 0 -1 -1
r
0.15 0 -1 -1
r
0.2 0 -1 -1
r
0.25 0 -1 -1
e
e
e
e
e
p
0 0.5 1 0 1 0 1 10 600
r
0.35 0 -1 -1
r
0.4 0 -1 -1
r
0.45 0 -1 -1
r
0.5 0 -1 -1
r
0.55 0 -1 -1
e
e
e
e
e
r
0.05 0 -1 -1
r
0.1 0 -1 -1
r
0.15 0 -1 -1
r
0.2 0 -1 -1
r
0.25 0 -1 -1
r
0.3 0 -1 -1
r
0.35 0 -1 -1
r
0.4 0 -1 -1
r
0.45 0 -1 -1
r
0.5 0 -1 -1
r
0.55 0 -1 -1
r
0.6 0 -1 -1
r
0.65 0 -1 -1
r
0.7 0 -1 -1
r
0.75 0 -1 -1
r
0.8 0 -1 -1
r
0.85 0 -1 -1
r
0.9 0 -1 -1
r
0.95 0 -1 -1
e
e
e
e
e
r
0.05 0 -1 -1
r
0.1 0 -1 -1
r
0.15 0 -1 -1
r
0.2 0 -1 -1
r
0.25 0 -1 -1
r
0.3 0 -1 -1
r
0.35 0 -1 -1
r
0.4 0 -1 -1
r
0.45 0 -1 -1
r
0.5 0 -1 -1
r
0.55 0 -1 -1
r
0.6 0 -1 -1
r
0.65 0 -1 -1
r
0.7 0 -1 -1
r
0.75 0 -1 -1
r
0.8 0 -1 -1
r
0.85 0 -1 -1
r
0.9 0 -1 -1
r
0.95 0 -1 -1
e
e
e
e
e
r
0.05 0 -1 -1
r
0.1 0 -1 -1
r
0.15 0 -1 -1
r
0.2 0 -1 -1
r
0.25 0 -1 -1
r
0.3 0 -1 -1
r
0.35 0 -1 -1
r
0.4 0 -1 -1
r
0.45 0 -1 -1
r
0.5 0 -1 -1
r
0.55 0 -1 -1
r
0.6 0 -1 -1
r
0.65 0 -1 -1
r
0.7 0 -1 -1
r
0.75 0 -1 -1
r
0.8 0 -1 -1
r
0.85 0 -1 -1
r
0.9 0 -1 -1
r
0.95 0 -1 -1
e
e
e
e
e
r
0.05 0 -1 -1
r
0.1 0 -1 -1
r
0.15 0 -1 -1
r
0.2 0 -1 -1
r
0.25 0 -1 -1
r
0.3 0 -1 -1
r
0.35 0 -1 -1
r
0.4 0 -1 -1
r
0.45 0 -1 -1
r
0.5 0 -1 -1
r
0.55 0 -1 -1
r
0.6 0 -1 -1
r
0.65 0 -1 -1
r
0.7 0 -1 -1
r
0.75 0 -1 -1
r
0.8 0 -1 -1
r
0.85 0 -1 -1
r
0.9 0 -1 -1
r
0.95 0 -1 -1
e
e
e
e
e
r
0.05 0 -1 -1
r
0.1 0 -1 -1
r
0.15 0 -1 -1
r
0.2 0 -1 -1
r
0.25 0 -1 -1
r
0.3 0 -1 -1
r
0.35 0 -1 -1
r
0.4 0 -1 -1
r
0.45 0 -1 -1
r
0.5 0 -1 -1
r
0.55 0 -1 -1
r
0.6 0 -1 -1
r
0.65 0 -1 -1
r
0.7 0 -1 -1
r
0.75 0 -1 -1
r
0.8 0 -1 -1
r
0.85 0 -1 -1
r
0.9 0 -1 -1
r
0.95 0 -1 -1
e
e
e
e
e
r
0.05 0 -1 -1
r
0.1 0 -1 -1
r
0.15 0 -1 -1
r
0.2 0 -1 -1
r
0.25 0 -1 -1
r
0.3 0 -1 -1
r
0.35 0 -1 -1
r
0.4 0 -1 -1
r
0.45 0 -1 -1
r
0.5 0 -1 -1
r
0.55 0 -1 -1
r
0.6 0 -1 -1
r
0.65 0 -1 -1
r
0.7 0 -1 -1
r
0.75 0 -1 -1
r
0.8 0 -1 -1
r
0.85 0 -1 -1
r
0.9 0 -1 -1
r
0.95 0 -1 -1
e
e
e
e
e
r
0.05 0 -1 -1
r
0.1 0 -1 -1
r
0.15 0 -1 -1
r
0.2 0 -1 -1
r
0.25 0 -1 -1
r
0.3 0 -1 -1
r
0.35 0 -1 -1
r
0.4 0 -1 -1
r
0.45 0 -1 -1
r
0.5 0 -1 -1
r
0.55 0 -1 -1
r
0.6 0 -1 -1
r
0.65 0 -1 -1
r
0.7 0 -1 -1
r
0.75 0 -1 -1
r
0.8 0 -1 -1
r
0.85 0 -1 -1
r
0.9 0 -1 -1
r
0.95 0 -1 -1
e
e
e
e
e
r
0.05 0 -1 -1
r
0.1 0 -1 -1
r
0.15 0 -1 -1
r
0.2 0 -1 -1
r
0.25 0 -1 -1
r
0.3 0 -1 -1
r
0.35 0 -1 -1
r
0.4 0 -1 -1
r
0.45 0 -1 -1
r
0.5 0 -1 -1
r
0.55 0 -1 -1
r
0.6 0 -1 -1
r
0.65 0 -1 -1
r
0.7 0 -1 -1
r
0.75 0 -1 -1
r
0.8 0 -1 -1
r
0.85 0 -1 -1
r
0.9 0 -1 -1
r
0.95 0 -1 -1
e
e
e
e
e
r
0.05 0 -1 -1
r
0.1 0 -1 -1
r
0.15 0 -1 -1
r
0.2 0 -1 -1
r
0.25 0 -1 -1
r
0.3 0 -1 -1
r
0.35 0 -1 -1
r
0.4 0 -1 -1
r
0.45 0 -1 -1
r
0.5 0 -1 -1
r
0.55 0 -1 -1
r
0.6 0 -1 -1
r
0.65 0 -1 -1
r
0.7 0 -1 -1
r
0.75 0 -1 -1
r
0.8 0 -1 -1
r
0.85 0 -1 -1
r
0.9 0 -1 -1
r
0.95 0 -1 -1
e
e
e
e
e
r
0.05 0 -1 -1
r
0.1 0 -1 -1
r
0.15 0 -1 -1
r
0.2 0 -1 -1
r
0.25 0 -1 -1
r
0.3 0 -1 -1
r
0.35 0 -1 -1
r
0.4 0 -1 -1
r
0.45 0 -1 -1
r
0.5 0 -1 -1
r
0.55 0 -1 -1
r
0.6 0 -1 -1
r
0.65 0 -1 -1
r
0.7 0 -1 -1
r
0.75 0 -1 -1
r
0.8 0 -1 -1
r
0.85 0 -1 -1
r
0.9 0 -1 -1
r
0.95 0 -1 -1
e
e
e
e
e
r
0.05 0 -1 -1
r
0.1 0 -1 -1
r
0.15 0 -1 -1
r
0.2 0 -1 -1
r
0.25 0 -1 -1
r
0.3 0 -1 -1
r
0.35 0 -1 -1
r
0.4 0 -1 -1
r
0.45 0 -1 -1
r
0.5 0 -1 -1
r
0.55 0 -1 -1
r
0.6 0 -1 -1
r
0.65 0 -1 -1
r
0.7 0 -1 -1
r
0.75 0 -1 -1
r
0.8 0 -1 -1
r
0.85 0 -1 -1
r
0.9 0 -1 -1
r
0.95 0 -1 -1
e
e
e
e
e
r
0.05 0 -1 -1
r
0.1 0 -1 -1
r
0.15 0 -1 -1
r
0.2 0 -1 -1
r
0.25 0 -1 -1
r
0.3 0 -1 -1
r
0.35 0 -1 -1
r
0.4 0 -1 -1
r
0.45 0 -1 -1
r
0.5 0 -1 -1
r
0.55 0 -1 -1
r
0.6 0 -1 -1
r
0.65 0 -1 -1
r
0.7 0 -1 -1
r
0.75 0 -1 -1
r
0.8 0 -1 -1
r
0.85 0 -1 -1
r
0.9 0 -1 -1
r
0.95 0 -1 -1
e
e
e
e
e
r
0.05 0 -1 -1
r
0.1 0 -1 -1
r
0.15 0 -1 -1
r
0.2 0 -1 -1
r
0.25 0 -1 -1
r
0.3 0 -1 -1
r
0.35 0 -1 -1
r
0.4 0 -1 -1
r
0.45 0 -1 -1
r
0.5 0 -1 -1
r
0.55 0 -1 -1
r
0.6 0 -1 -1
r
0.65 0 -1 -1
r
0.7 0 -1 -1
r
0.75 0 -1 -1
r
0.8 0 -1 -1
r
0.85 0 -1 -1
r
0.9 0 -1 -1
r
0.95 0 -1 -1
e
e
e
e
e
p
0 0.45 1 0 1 0 2 20 300
e
e
e
p
0 0.4 1 0 1 0 1 15 600
e
e
e
p
0 0.35 1 0 1 0 2 20 300
e
e
e
p
0 0.3 1 0 1 0 1 15 600
e
e
e
p
0 0.25 1 0 1 0 2 20 600
e
e
e
p
0 0.2 1 0 1 0 1 15 600
e
e
e
p
0 0.15 1 0 1 0 2 20 700
e
e
e
p
0 0.1 1 0 1 0 2 20 700
e
e
e
p
0 0.05 1 0 1 0 2 20 700
e
e
e
p
0 0.1 1 0 1 0 2 20 700
e
e
e
p
0 0.15 1 0 1 0 2 20 700
e
e
e
p
0 0.2 1 0 1 0 1 15 700
e
e
e
p
0 0.25 1 0 1 0 2 20 400
e
e
e
p
0 0.3 1 0 1 0 1 15 700
e
e
e
p
0 0.35 1 0 1 0 2 20 600
e
e
e
p
0 0.4 1 0 1 0 1 15 600
e
e
e
p
0 0.45 1 0 1 0 2 20 300
e
e
e
p
0 0.4 1 0 1 0 1 15 600
e
e
e
p
0 0.35 1 0 1 0 2 20 300
e
e
e
p
0 0.3 1 0 1 0 1 15 600
e
e
e
p
0 0.25 1 0 1 0 2 20 600
e
e
e
p
0 0.2 1 0 1 0 1 15 600
e
e
e
p
0 0.15 1 0 1 0 2 20 700
e
e
e
p
0 0.1 1 0 1 0 2 20 700
e
e
e
p
0 0.05 1 0 1 0 2 20 700
e
e
e
p
0 0.1 1 0 1 0 2 20 700
e
e
e
p
0 0.15 1 0 1 0 2 20 700
e
e
e
p
0 0.2 1 0 1 0 1 15 700
e
e
e
p
0 0.25 1 0 1 0 2 20 400
e
e
e
p
0 0.3 1 0 1 0 1 15 700
e
e
e
p
0 0.35 1 0 1 0 2 20 600
e
e
e
p
0 0.4 1 0 1 0 1 15 600
e
e
e
p
0 0.45 1 0 1 0 2 20 300
e
e
e
p
0 0.4 1 0 1 0 1 15 600
e
e
e
p
0 0.35 1 0 1 0 2 20 300
e
e
e
p
0 0.3 1 0 1 0 1 15 600
e
e
e
p
0 0.25 1 0 1 0 2 20 600
e
e
e
p
0 0.2 1 0 1 0 1 15 600
e
e
e
p
0 0.15 1 0 1 0 2 20 700
e
e
e
p
0 0.1 1 0 1 0 2 20 700
e
e
e
p
0 0.05 1 0 1 0 2 20 700
e
e
e
p
0 0.1 1 0 1 0 2 20 700
e
e
e
p
0 0.15 1 0 1 0 2 20 700
e
e
e
p
0 0.2 1 0 1 0 1 15 700
e
e
e
p
0 0.25 1 0 1 0 2 20 400
e
e
e
p
0 0.3 1 0 1 0 1 15 700
e
e
e
p
0 0.35 1 0 1 0 2 20 600
e
e
e
p
0 0.4 1 0 1 0 1 15 600
e
e
e
p
0 0.2 1 0 1 0 1 15 600
r
0.1 0 0 1
r
0.2 0 0 1
r
0.3 0 0 1
r
0.4 0 0 1
r
0.5 0 0 1
r
0.6 0 0 1
r
0.7 0 0 1
r
0.8 0 0 1
r
0.9 0 0 1
e
e
e
p
0 0.2 1 0 1 0 2 20 600
r
0.5 0 0 1
r
0.15 0 0 1
r
0.25 0 0 1
r
0.35 0 0 1
r
0.45 0 0 1
r
0.55 0 0 1
r
0.65 0 0 1
r
0.75 0 0 1
r
0.85 0 0 1
r
0.95 0 0 1
e
e
e
p
0 0.2 1 0 1 0 1 15 600
r
0.1 0 0 1
r
0.2 0 0 1
r
0.3 0 0 1
r
0.4 0 0 1
r
0.5 0 0 1
r
0.6 0 0 1
r
0.7 0 0 1
r
0.8 0 0 1
r
0.9 0 0 1
e
e
e
p
0 0.2 1 0 1 0 2 20 600
r
0.5 0 0 1
r
0.15 0 0 1
r
0.25 0 0 1
r
0.35 0 0 1
r
0.45 0 0 1
r
0.55 0 0 1
r
0.65 0 0 1
r
0.75 0 0 1
r
0.85 0 0 1
r
0.95 0 0 1
e
e
e
p
0 0.2 1 0 1 0 1 15 600
r
0.1 0 0 1
r
0.2 0 0 1
r
0.3 0 0 1
r
0.4 0 0 1
r
0.5 0 0 1
r
0.6 0 0 1
r
0.7 0 0 1
r
0.8 0 0 1
r
0.9 0 0 1
e
e
e
p
0 0.2 1 0 1 0 2 20 600
r
0.5 0 0 1
r
0.15 0 0 1
r
0.25 0 0 1
r
0.35 0 0 1
r
0.45 0 0 1
r
0.55 0 0 1
r
0.65 0 0 1
r
0.75 0 0 1
r
0.85 0 0 1
r
0.95 0 0 1
e
e
e
p
0 0.2 1 0 1 0 1 15 600
r
0.1 0 0 1
r
0.2 0 0 1
r
0.3 0 0 1
r
0.4 0 0 1
r
0.5 0 0 1
r
0.6 0 0 1
r
0.7 0 0 1
r
0.8 0 0 1
r
0.9 0 0 1
e
e
e
p
0 0.2 1 0 1 0 2 20 600
r
0.5 0 0 1
r
0.15 0 0 1
r
0.25 0 0 1
r
0.35 0 0 1
r
0.45 0 0 1
r
0.55 0 0 1
r
0.65 0 0 1
r
0.75 0 0 1
r
0.85 0 0 1
r
0.95 0 0 1
e
e
e
p
0 0.2 1 0 1 0 1 15 600
r
0.1 0 0 1
r
0.2 0 0 1
r
0.3 0 0 1
r
0.4 0 0 1
r
0.5 0 0 1
r
0.6 0 0 1
r
0.7 0 0 1
r
0.8 0 0 1
r
0.9 0 0 1
e
e
e
e
e
e
e
e
e
e
e
e
e
e
e
e
p
0 0.2 1 0 1 0 1 10 600
r
0.5 0 -1 -1
e
e
e
r
0.95 0 -1 -1
r
0.5 0 -1 -1
r
0.2 0 -1 -1
e
e
e
p
0 0.2 1 0 1 0 1 12 600
r
0.5 0 -1 -1
e
e
e
r
0.95 0 -1 -1
r
0.5 0 -1 -1
r
0.2 0 -1 -1
e
e
e
p
0 0.2 1 0 1 0 1 14 600
r
0.5 0 -1 -1
e
e
e
r
0.95 0 -1 -1
r
0.5 0 -1 -1
r
0.2 0 -1 -1
e
e
e
r
0.5 0 -1 -1
e
e
e
p
0 0.2 1 0 1 0 1 16 600
r
0.95 0 -1 -1
r
0.5 0 -1 -1
r
0.2 0 -1 -1
r
0.2 0 -1 -1
e
e
e
p
0 0.2 1 0 1 0 1 11 600
r
0.5 0 -1 -1
e
e
e
r
0.95 0 -1 -1
r
0.5 0 -1 -1
r
0.2 0 -1 -1
e
e
e
p
0 0.2 1 0 1 0 1 13 600
r
0.5 0 -1 -1
e
e
e
r
0.95 0 -1 -1
r
0.5 0 -1 -1
r
0.2 0 -1 -1
e
e
e
p
0 0.2 1 0 1 0 1 15 600
r
0.5 0 -1 -1
e
e
e
r
0.95 0 -1 -1
r
0.5 0 -1 -1
r
0.2 0 -1 -1
e
e
e
p
0 0.2 1 0 1 0 1 17 600
r
0.5 0 -1 -1
e
e
e
r
0.95 0 -1 -1
r
0.5 0 -1 -1
r
0.2 0 -1 -1
e
e
e
p
0 0.2 1 0 1 0 1 18 600
r
0.5 0 -1 -1
e
e
e
r
0.95 0 -1 -1
r
0.5 0 -1 -1
r
0.2 0 -1 -1
e
e
e
p
0 0.2 1 0 1 0 1 19 600
r
0.5 0 -1 -1
e
e
e
r
0.95 0 -1 -1
r
0.5 0 -1 -1
r
0.2 0 -1 -1
e
e
e
p
0 0.2 1 0 1 0 1 9 600
r
0.5 0 -1 -1
e
e
e
r
0.95 0 -1 -1
r
0.5 0 -1 -1
r
0.2 0 -1 -1
e
e
e
p
0 0.2 1 0 1 0 1 8 600
r
0.5 0 -1 -1
e
e
e
r
0.95 0 -1 -1
r
0.5 0 -1 -1
r
0.2 0 -1 -1
e
e
e
p
0 0.2 1 0 1 0 1 10 600
r
0.5 0 -1 -1
e
e
e
r
0.95 0 -1 -1
r
0.5 0 -1 -1
r
0.2 0 -1 -1
e
e
e
p
0 0.2 1 0 1 0 1 12 600
r
0.5 0 -1 -1
e
e
e
r
0.95 0 -1 -1
r
0.5 0 -1 -1
r
0.2 0 -1 -1
e
e
e
p
0 0.2 1 0 1 0 1 10 600
r
0.5 0 -1 -1
e
e
e
r
0.95 0 -1 -1
r
0.5 0 -1 -1
r
0.2 0 -1 -1
e
e
e
p
0 0.2 1 0 1 0 1 14 600
r
0.5 0 -1 -1
e
e
e
r
0.95 0 -1 -1
r
0.5 0 -1 -1
r
0.2 0 -1 -1
e
e
e
p
0 0.2 1 0 1 0 1 10 600
r
0.5 0 -1 -1
e
e
e
r
0.95 0 -1 -1
r
0.5 0 -1 -1
r
0.2 0 -1 -1
e
e
e
e
e
e
e
e
e
e
e
p
0 0 1 0 1 0 2 10 600
e
e
e
p
0 0 1 0 1 0 2 12 600
e
e
e
p
0 0 1 0 1 0 2 21 600
e
e
e
p
0 0 1 0 1 0 2 18 600
e
e
e
p
0 0 1 0 1 0 2 22 600
e
e
e
p
0 0 1 0 1 0 2 15 600
e
e
e
p
0 0 1 0 1 0 2 20 600
e
e
e
p
0 0 1 0 1 0 2 16 600
e
e
e
p
0 0 1 0 1 0 2 23 600
e
e
e
p
0 0 1 0 1 0 2 18 600
e
e
e
p
0 0 1 0 1 0 2 17 600
e
e
e
p
0 0 1 0 1 0 2 16 600
e
e
e
p
0 0 1 0 1 0 2 22 600
e
e
e
p
0 0 1 0 1 0 2 19 600
e
e
e
p
0 0 1 0 1 0 2 15 600
e
e
e
p
0 0 1 0 1 0 2 16 600
e
e
e
p
0 0 1 0 1 0 2 19 600
e
e
e
p
0 0 1 0 1 0 2 17 600
e
e
e
p
0 0 1 0 1 0 2 20 600
e
e
e
p
0 0 1 0 1 0 2 19 600
e
e
e
p
0 0 1 0 1 0 2 18 600
e
e
e
p
0 0 1 0 1 0 2 14 600
e
e
e
p
0 0 1 0 1 0 2 23 600
e
e
e
p
0 0 1 0 1 0 2 22 600
e
e
e
p
0 0 1 0 1 0 2 19 600
e
e
e
p
0 0 1 0 1 0 2 17 600
e
e
e
p
0 0 1 0 1 0 2 20 600
e
e
e
p
0 0 1 0 1 0 2 19 600
e
e
e
p
0 0 1 0 1 0 2 18 600
e
e
e
p
0 0 1 0 1 0 2 10 600
e
e
e
p
0 0 1 0 1 0 2 12 600
e
e
e
p
0 0 1 0 1 0 2 21 600
e
e
e
p
0 0 1 0 1 0 2 18 600
e
e
e
p
0 0 1 0 1 0 2 22 600
e
e
e
p
0 0 1 0 1 0 2 15 6
e
e
e
p
0 0 1 0 1 0 2 20 600
e
e
e
p
0 0 1 0 1 0 2 16 600
e
e
e
p
0 0 1 0 1 0 2 23 600
e
e
e
p
0 0 1 0 1 0 2 18 600
e
e
e
p
0 0 1 0 1 0 2 17 600
e
e
e
e
p
0 0 1 0 1 0 2 16 600
e
e
e
p
0 0 1 0 1 0 2 22 600
e
e
e
e
p
0 0 1 0 1 0 2 19 600
e
e
e
p
0 0 1 0 1 0 2 15 600
e
e
e
e
p
0 0 1 0 1 0 2 16 600
e
e
e
p
0 0 1 0 1 0 2 19 600
e
e
e
p
0 0 1 0 1 0 2 17 600
e
e
e
p
0 0 1 0 1 0 2 20 600
e
e
e
p
0 0 1 0 1 0 2 19 600
e
e
e
p
0 0 1 0 1 0 2 18 600
e
e
e
p
0 0 1 0 1 0 2 14 600
e
e
e
p
0 0 1 0 1 0 2 23 600
e
e
e
e
e
e
e
e
e
e
e
e
e
e
e
e
e
e
e
e
e
e
e
e
e
e
e
e
e
e
e
e
e
e
e
e
e
e
e
e
e
e
e
e
e
e
e
e
e
e
e
e
e
e
e
e
e
e
e
e
e
e
e
e
e
e
e
e
e
e
e
e
e
e
e
e
e
e
e
e
e
e
e
e
e
e
e
e
e
e
e
e
e
e
e
e
e
e
e
e
e
e
e
e
e
e
e
e
e
e
e
e
e
e
e
e
e
e
n

